7489.08831563525
9242.562093812774
8992.74381977998
8968.508667789825
8882.583921323469
9270.51200057085
9294.132952046446
9897.331363945086
9561.05272195997
9065.495441957404
9096.095855386
9008.583241914515
9606.83907867742
10096.634270956209
10181.000586904827
9961.60143918191
9991.820349323394
9922.00928253569
10024.506658938848
9664.82677369376
9949.612752102255
9374.65387576494
9732.71242158681
9555.021304066197
9029.85738352626
8938.0374195057
8693.02561632108
9308.208209760269
9758.642082156206
9692.2246829225
9762.20299266037
9132.850909128929
9751.89339566331
9044.484613661887
9021.99378031107
8930.641008985729
9005.74037506483
9038.768722626035
9221.50295959338
9087.093264466619
9493.153802064544
9720.358037227279
9636.066529989179
9926.371291053845
8737.130471064946
9775.71710802722
9858.083368893424
9623.37746331316
8996.81800889348
10112.307384836933
9680.33928004251
9068.694844006759
9641.05087690113
9035.852539931657
9114.472683624235
9290.671318925119
9165.107603507351
9006.29467303771
9095.397461928445
8984.326751841256
